D 4
v -242.896 -340.746 12.5
v -208.962 -340.746 12.5
v -208.962 -324.679 12.5
v -200.094 -324.679 12.5
v -200.094 -305.142 12.5
v -208.962 -305.142 12.5
v -208.962 -240.746 12.5
v -240.325 -240.746 12.5
v -284.669 -303.599 12.5
v -284.669 -324.679 12.5
v -242.896 -324.679 12.5
v -260.89 -305.142 12.5
v -242.896 -279.82 12.5
v -242.896 -305.142 12.5
v -242.896 -340.746 -12.5
v -208.962 -340.746 -12.5
v -208.962 -324.679 -12.5
v -200.094 -324.679 -12.5
v -200.094 -305.142 -12.5
v -208.962 -305.142 -12.5
v -208.962 -240.746 -12.5
v -240.325 -240.746 -12.5
v -284.669 -303.599 -12.5
v -284.669 -324.679 -12.5
v -242.896 -324.679 -12.5
v -260.89 -305.142 -12.5
v -242.896 -279.82 -12.5
v -242.896 -305.142 -12.5
G blue
G yellow
f 0 2 10 0
f 1 2 0 0
f 2 4 5 0
f 2 13 10 0
f 3 4 2 0
f 5 12 13 0
f 5 13 2 0
f 6 12 5 0
f 7 11 12 0
f 7 12 6 0
f 8 11 7 0
f 9 11 8 0
f 10 11 9 0
f 13 11 10 0
f 14 24 15 0
f 15 24 16 0
f 16 19 17 0
f 16 24 19 0
f 17 19 18 0
f 19 24 27 0
f 19 26 20 0
f 20 26 21 0
f 21 26 22 0
f 22 25 23 0
f 22 26 25 0
f 23 25 24 0
f 24 25 27 0
f 27 26 19 0
f 0 15 1 1
f 0 24 14 1
f 1 15 2 1
f 2 15 16 1
f 2 17 3 1
f 3 17 4 1
f 4 17 18 1
f 4 19 5 1
f 5 19 6 1
f 6 19 20 1
f 6 20 7 1
f 7 20 21 1
f 7 22 8 1
f 8 22 9 1
f 9 22 23 1
f 9 24 10 1
f 10 24 0 1
f 11 25 12 1
f 11 27 25 1
f 12 25 26 1
f 12 26 13 1
f 13 26 27 1
f 13 27 11 1
f 14 15 0 1
f 16 17 2 1
f 18 19 4 1
f 21 22 7 1
f 23 24 9 1
P 0
p 0 370 311
T 45 1.33567e-06 43.3162 25 43.3162 1.33567e-06 74.3804
t 46 45
t 47 45
t 50 46
t 48 47
t 49 48
p 1 240 128
T 14 -5.95544 58.4405 -5.95544 42.3736 27.9777 58.4405
t 15 14
t 17 15
t 19 17
t 16 17
t 26 19
t 27 19
t 18 16
t 25 26
t 20 27
t 23 25
t 21 20
t 24 23
t 22 21
t 51 14
t 29 51
t 44 29
t 43 44
t 55 43
t 42 55
t 41 42
t 28 51
t 30 28
t 31 30
t 52 31
t 32 52
t 33 32
t 34 33
t 53 34
t 35 53
t 1 28
t 0 1
t 3 0
t 6 3
t 2 6
t 4 2
t 5 6
t 7 5
t 9 7
t 8 9
t 13 3
t 12 13
t 11 12
t 10 11
t 38 9
t 39 38
t 54 39
t 40 54
t 37 38
t 36 37
L 1
l 0 1 1
l 0 3 1
l 0 44 -1
l 1 30 -1
l 1 28 1
l 2 4 1
l 2 35 -1
l 2 6 1
l 3 6 1
l 3 13 1
l 4 33 -1
l 4 32 -1
l 5 7 1
l 5 48 -1
l 5 6 1
l 7 9 1
l 7 36 1
l 8 10 1
l 8 45 -1
l 8 9 1
l 9 38 1
l 10 11 1
l 10 40 1
l 11 12 1
l 11 41 -1
l 12 13 1
l 12 43 -1
l 13 50 -1
l 14 29 -1
l 14 15 1
l 14 51 1
l 15 17 1
l 15 31 -1
l 16 17 1
l 16 18 1
l 16 52 -1
l 17 19 1
l 18 53 -1
l 18 34 -1
l 19 26 1
l 19 27 1
l 20 27 1
l 20 21 1
l 20 37 1
l 21 22 1
l 21 39 1
l 22 24 1
l 22 54 1
l 23 24 1
l 23 25 1
l 23 42 -1
l 24 47 -1
l 25 26 1
l 25 55 -1
l 26 46 -1
l 27 49 -1
l 28 51 1
l 28 30 1
l 29 44 1
l 29 51 1
l 30 31 1
l 31 52 1
l 32 52 1
l 32 33 1
l 33 34 1
l 34 53 1
l 35 53 1
l 35 36 1
l 36 37 1
l 37 38 1
l 38 39 1
l 39 54 1
l 40 54 1
l 40 41 -1
l 41 42 1
l 42 55 1
l 43 55 1
l 43 44 1
l 45 46 1
l 45 47 1
l 46 50 1
l 47 48 1
l 48 49 1
l 49 50 1
